%!PS-Adobe-3.0 EPSF-3.0
%%Title: howto_sim.eps
%%Creator: matplotlib version 3.3.1, http://matplotlib.org/
%%CreationDate: Thu Sep  9 17:38:36 2021
%%Orientation: portrait
%%BoundingBox: 54.08437500000005 204.43875 557.915625 587.56125
%%EndComments
%%BeginProlog
/mpldict 8 dict def
mpldict begin
/m { moveto } bind def
/l { lineto } bind def
/r { rlineto } bind def
/c { curveto } bind def
/cl { closepath } bind def
/box {
      m
      1 index 0 r
      0 exch r
      neg 0 r
      cl
    } bind def
/clipbox {
      box
      clip
      newpath
    } bind def
%!PS-Adobe-3.0 Resource-Font
%%Title: Times New Roman
%%Copyright: © 2006 The Monotype Corporation. All Rights Reserved.
%%Creator: Converted from TrueType to type 3 by PPR
25 dict begin
/_d{bind def}bind def
/_m{moveto}_d
/_l{lineto}_d
/_cl{closepath eofill}_d
/_c{curveto}_d
/_sc{7 -1 roll{setcachedevice}{pop pop pop pop pop pop}ifelse}_d
/_e{exec}_d
/FontName /TimesNewRomanPSMT def
/PaintType 0 def
/FontMatrix[.001 0 0 .001 0 0]def
/FontBBox[-568 -307 2000 1007]def
/FontType 3 def
/Encoding [ /space /numbersign /parenleft /parenright /hyphen /period /zero /one /two /three /four /five /six /seven /A /C /D /E /F /H /I /K /M /N /O /P /S /T /a /c /e /f /g /i /k /l /m /n /o /p /r /s /t /u /w /x /y ] def
/FontInfo 10 dict dup begin
/FamilyName (Times New Roman) def
/FullName (Times New Roman) def
/Notice (© 2006 The Monotype Corporation. All Rights Reserved. Times New Roman is a trademark of The Monotype Corporation in the United States and/or other countries.) def
/Weight (Regular) def
/Version (Version 5.01.3x) def
/ItalicAngle 0.0 def
/isFixedPitch false def
/UnderlinePosition -223 def
/UnderlineThickness 100 def
end readonly def
/CharStrings 48 dict dup begin
/.notdef 0 def
/space{250 0 0 0 0 0 _sc
}_d
/numbersign{{500 0 18 -13 482 677 _sc
56 -13 _m
102 208 _l
18 208 _l
18 249 _l
109 249 _l
143 416 _l
18 416 _l
18 455 _l
152 455 _l
197 677 _l
237 677 _l
193 455 _l
357 455 _l
405 677 _l
445 677 _l
399 455 _l
482 455 _l
482 416 _l
392 416 _l
357 249 _l
482 249 _l
482 208 _l
349 208 _l
304 -13 _l
264 -13 _l
309 208 _l
143 208 _l
97 -13 _l
56 -13 _l
150 249 _m
}_e{316 249 _l
351 416 _l
185 416 _l
150 249 _l
_cl}_e}_d
/parenleft{333 0 41 -213 311 694 _sc
311 -195 _m
311 -213 _l
261 -188 220 -159 188 -126 _c
140 -78 104 -23 79 40 _c
53 104 41 170 41 240 _c
41 340 65 432 115 516 _c
165 599 230 658 311 694 _c
311 674 _l
270 652 237 621 211 583 _c
185 544 166 495 154 437 _c
141 378 135 316 135 252 _c
135 182 140 119 151 63 _c
159 18 170 -17 182 -44 _c
194 -71 210 -97 230 -123 _c
250 -148 277 -172 311 -195 _c
_cl}_d
/parenright{333 0 22 -213 292 694 _sc
22 674 _m
22 694 _l
72 670 113 641 146 608 _c
192 560 228 505 254 441 _c
279 377 292 310 292 241 _c
292 139 267 47 217 -35 _c
167 -117 102 -177 22 -213 _c
22 -195 _l
62 -172 95 -141 121 -103 _c
147 -65 166 -16 179 42 _c
191 100 198 162 198 226 _c
198 295 192 358 182 416 _c
173 460 163 496 151 523 _c
139 550 122 576 102 602 _c
82 627 55 651 22 674 _c
_cl}_d
/hyphen{333 0 41 188 293 261 _sc
41 261 _m
293 261 _l
293 188 _l
41 188 _l
41 261 _l
_cl}_d
/period{250 0 71 -13 179 95 _sc
125 95 _m
140 95 153 89 163 79 _c
173 68 179 55 179 41 _c
179 25 173 12 163 2 _c
152 -8 139 -13 125 -13 _c
110 -13 97 -8 87 2 _c
76 12 71 25 71 41 _c
71 55 76 68 87 79 _c
97 89 110 95 125 95 _c
_cl}_d
/zero{{500 0 36 -11 464 676 _sc
36 327 _m
36 402 47 467 70 522 _c
92 576 123 617 161 644 _c
190 665 220 676 252 676 _c
302 676 348 650 389 598 _c
439 534 464 447 464 337 _c
464 260 453 195 431 141 _c
409 87 380 49 346 25 _c
312 1 279 -11 247 -11 _c
183 -11 131 26 89 100 _c
53 162 36 238 36 327 _c
132 315 _m
132 223 143 149 166 92 _c
184 43 211 19 249 19 _c
}_e{266 19 284 26 303 42 _c
322 58 336 84 346 122 _c
361 178 369 257 369 359 _c
369 434 361 497 345 548 _c
333 585 318 611 300 627 _c
286 638 270 644 251 644 _c
229 644 209 634 192 614 _c
168 586 152 544 144 486 _c
136 428 132 371 132 315 _c
_cl}_e}_d
/one{500 0 117 0 378 676 _sc
117 597 _m
278 676 _l
294 676 _l
294 117 _l
294 79 295 56 299 47 _c
302 38 308 31 318 26 _c
328 21 348 18 378 18 _c
378 0 _l
129 0 _l
129 18 _l
160 18 180 21 189 26 _c
198 30 204 37 208 45 _c
212 53 214 77 214 117 _c
214 474 _l
214 522 212 553 209 567 _c
207 577 203 585 197 590 _c
191 594 183 597 175 597 _c
163 597 146 592 125 582 _c
117 597 _l
_cl}_d
/two{{500 0 21 0 458 676 _sc
458 127 _m
412 0 _l
21 0 _l
21 18 _l
136 122 217 208 264 275 _c
310 341 334 402 334 457 _c
334 499 321 533 295 560 _c
269 587 239 601 204 601 _c
171 601 142 591 116 572 _c
90 553 71 525 59 489 _c
41 489 _l
49 549 69 595 103 627 _c
137 659 179 676 229 676 _c
283 676 328 658 364 624 _c
400 589 418 548 418 502 _c
418 468 410 435 395 401 _c
}_e{370 348 331 292 277 234 _c
196 145 145 92 125 74 _c
298 74 _l
333 74 358 75 372 78 _c
386 80 399 85 411 93 _c
422 101 432 112 440 127 _c
458 127 _l
_cl}_e}_d
/three{{500 0 41 -11 417 676 _sc
51 536 _m
69 580 93 615 122 639 _c
151 663 187 676 230 676 _c
283 676 324 658 352 624 _c
373 598 384 570 384 542 _c
384 493 353 443 293 392 _c
333 376 364 353 385 323 _c
406 293 417 259 417 219 _c
417 161 398 112 362 70 _c
314 16 246 -11 156 -11 _c
111 -11 81 -5 65 5 _c
49 15 41 27 41 41 _c
41 50 44 58 52 65 _c
}_e{59 72 68 76 80 76 _c
88 76 96 74 104 72 _c
110 70 122 64 142 54 _c
161 44 175 38 183 36 _c
195 32 207 31 221 31 _c
254 31 283 43 308 69 _c
332 95 345 125 345 161 _c
345 186 339 211 328 236 _c
319 254 310 267 300 277 _c
286 290 266 302 242 313 _c
218 323 193 329 167 329 _c
152 329 _l
152 343 _l
177 346 203 355 229 371 _c
255 386 273 404 285 426 _c
}_e{297 447 303 471 303 497 _c
303 530 292 557 271 578 _c
250 598 224 609 193 609 _c
143 609 101 582 67 528 _c
51 536 _l
_cl}_e}_d
/four{500 0 16 0 465 676 _sc
465 244 _m
465 175 _l
376 175 _l
376 0 _l
296 0 _l
296 175 _l
16 175 _l
16 237 _l
323 676 _l
376 676 _l
376 244 _l
465 244 _l
296 244 _m
296 573 _l
63 244 _l
296 244 _l
_cl}_d
/five{{500 0 48 -11 434 662 _sc
434 662 _m
396 579 _l
197 579 _l
153 490 _l
239 477 308 445 358 394 _c
401 350 423 298 423 238 _c
423 203 416 171 402 141 _c
388 111 370 86 348 65 _c
326 44 303 27 277 15 _c
239 -2 201 -11 162 -11 _c
122 -11 93 -4 75 9 _c
57 22 48 37 48 53 _c
48 62 51 70 59 77 _c
66 84 75 88 87 88 _c
95 88 103 86 109 84 _c
}_e{115 81 126 74 142 64 _c
166 47 191 39 216 39 _c
254 39 287 53 316 82 _c
345 110 360 145 360 187 _c
360 227 347 264 321 299 _c
295 333 260 360 215 379 _c
179 393 131 402 70 405 _c
197 662 _l
434 662 _l
_cl}_e}_d
/six{{500 0 43 -11 461 676 _sc
448 676 _m
448 658 _l
405 653 370 644 343 632 _c
315 619 288 599 262 573 _c
236 547 214 517 196 485 _c
178 453 164 414 153 370 _c
199 402 246 418 294 418 _c
339 418 378 399 411 363 _c
444 327 461 280 461 223 _c
461 167 444 117 411 71 _c
371 16 317 -11 251 -11 _c
205 -11 167 3 136 33 _c
74 91 43 167 43 260 _c
43 319 54 375 78 429 _c
}_e{102 482 136 529 180 571 _c
224 612 267 640 307 654 _c
347 668 385 676 420 676 _c
448 676 _l
145 334 _m
139 290 136 254 136 228 _c
136 196 141 162 153 126 _c
164 89 181 60 205 39 _c
221 23 241 16 265 16 _c
293 16 319 29 341 56 _c
363 82 375 120 375 170 _c
375 225 363 273 341 314 _c
319 354 287 375 247 375 _c
235 375 221 372 207 367 _c
193 362 172 351 145 334 _c
}_e{_cl}_e}_d
/seven{500 0 37 -13 456 662 _sc
101 662 _m
456 662 _l
456 644 _l
235 -13 _l
180 -13 _l
378 583 _l
196 583 _l
159 583 133 578 117 569 _c
89 554 67 531 51 500 _c
37 505 _l
101 662 _l
_cl}_d
/A{{722 0 8 0 711 677 _sc
458 222 _m
201 222 _l
156 117 _l
145 91 140 72 140 60 _c
140 49 144 40 154 32 _c
163 24 184 20 216 18 _c
216 0 _l
8 0 _l
8 18 _l
35 22 53 29 62 37 _c
78 53 96 84 117 132 _c
350 677 _l
367 677 _l
597 126 _l
615 82 632 53 647 40 _c
662 27 683 20 711 18 _c
711 0 _l
450 0 _l
450 18 _l
476 19 493 23 503 31 _c
}_e{512 38 517 47 517 59 _c
517 73 510 95 498 126 _c
458 222 _l
444 258 _m
332 525 _l
216 258 _l
444 258 _l
_cl}_e}_d
/C{{667 0 36 -14 632 677 _sc
602 677 _m
617 452 _l
602 452 _l
582 519 553 567 515 597 _c
477 627 433 642 381 642 _c
337 642 297 630 261 608 _c
225 586 197 550 177 502 _c
157 453 147 392 147 320 _c
147 260 156 208 176 164 _c
195 120 224 86 263 63 _c
301 39 345 28 395 28 _c
437 28 475 37 508 55 _c
541 73 577 110 617 165 _c
632 155 _l
599 96 560 53 516 26 _c
}_e{472 0 419 -14 358 -14 _c
248 -14 164 26 104 107 _c
58 167 36 239 36 321 _c
36 387 50 447 80 503 _c
110 558 151 601 203 631 _c
255 661 311 677 373 677 _c
421 677 468 665 515 642 _c
528 634 538 631 544 631 _c
552 631 560 634 567 641 _c
575 649 581 661 585 677 _c
602 677 _l
_cl}_e}_d
/D{{722 0 17 0 684 662 _sc
17 0 _m
17 18 _l
42 18 _l
70 18 90 27 102 45 _c
108 55 112 79 112 117 _c
112 545 _l
112 586 107 612 99 623 _c
86 637 67 644 42 644 _c
17 644 _l
17 662 _l
287 662 _l
385 662 460 650 512 628 _c
564 606 605 568 637 516 _c
668 464 684 403 684 334 _c
684 242 656 165 600 104 _c
537 34 441 0 313 0 _c
17 0 _l
206 48 _m
}_e{247 38 282 34 310 34 _c
385 34 448 60 498 113 _c
548 166 573 238 573 330 _c
573 421 548 493 498 546 _c
448 598 384 625 306 625 _c
276 625 243 620 206 611 _c
206 48 _l
_cl}_e}_d
/E{{611 0 21 0 588 662 _sc
209 626 _m
209 364 _l
354 364 _l
392 364 417 369 430 381 _c
447 396 456 422 458 460 _c
477 460 _l
477 230 _l
458 230 _l
454 262 449 282 445 292 _c
439 303 429 312 416 319 _c
402 325 382 329 354 329 _c
209 329 _l
209 110 _l
209 80 210 62 213 56 _c
215 50 220 45 226 41 _c
232 37 245 36 264 36 _c
376 36 _l
413 36 440 38 457 44 _c
}_e{474 49 490 59 506 75 _c
526 95 547 125 568 166 _c
588 166 _l
531 0 _l
21 0 _l
21 18 _l
44 18 _l
59 18 74 21 88 29 _c
98 34 105 42 109 52 _c
113 62 115 84 115 117 _c
115 547 _l
115 589 111 615 103 625 _c
91 637 71 644 44 644 _c
21 644 _l
21 662 _l
531 662 _l
538 517 _l
519 517 _l
512 551 504 575 496 588 _c
488 601 475 611 459 619 _c
}_e{446 623 423 626 391 626 _c
209 626 _l
_cl}_e}_d
/F{{556 0 16 0 515 662 _sc
205 626 _m
205 366 _l
325 366 _l
353 366 373 372 386 384 _c
398 396 407 420 412 457 _c
430 457 _l
430 232 _l
412 232 _l
411 258 407 277 401 289 _c
395 301 386 310 375 316 _c
363 322 347 325 325 325 _c
205 325 _l
205 117 _l
205 83 207 61 211 51 _c
214 43 221 36 231 30 _c
245 22 260 18 276 18 _c
300 18 _l
300 0 _l
16 0 _l
16 18 _l
}_e{40 18 _l
67 18 87 26 99 42 _c
107 52 111 77 111 117 _c
111 545 _l
111 578 108 600 104 611 _c
101 619 94 626 84 632 _c
70 640 55 644 40 644 _c
16 644 _l
16 662 _l
509 662 _l
515 517 _l
498 517 _l
489 547 479 570 468 584 _c
457 598 443 609 427 616 _c
410 622 385 626 351 626 _c
205 626 _l
_cl}_e}_d
/H{{722 0 17 0 702 662 _sc
206 355 _m
513 355 _l
513 544 _l
513 578 511 600 507 611 _c
503 619 496 626 486 632 _c
472 640 457 644 442 644 _c
418 644 _l
418 662 _l
702 662 _l
702 644 _l
678 644 _l
662 644 648 640 634 633 _c
623 627 616 619 612 609 _c
608 598 607 576 607 544 _c
607 117 _l
607 83 609 61 613 51 _c
616 43 623 36 633 30 _c
647 22 662 18 678 18 _c
}_e{702 18 _l
702 0 _l
418 0 _l
418 18 _l
442 18 _l
468 18 488 26 501 42 _c
509 52 513 77 513 117 _c
513 319 _l
206 319 _l
206 117 _l
206 83 208 61 212 51 _c
215 43 222 36 232 30 _c
246 22 261 18 277 18 _c
301 18 _l
301 0 _l
17 0 _l
17 18 _l
41 18 _l
68 18 88 26 100 42 _c
108 52 112 77 112 117 _c
112 544 _l
}_e{112 578 109 600 105 611 _c
102 619 95 626 85 632 _c
71 640 56 644 41 644 _c
17 644 _l
17 662 _l
301 662 _l
301 644 _l
277 644 _l
261 644 246 640 232 633 _c
222 627 215 619 211 609 _c
207 598 206 576 206 544 _c
206 355 _l
_cl}_e}_d
/I{{333 0 25 0 309 662 _sc
309 18 _m
309 0 _l
25 0 _l
25 18 _l
48 18 _l
75 18 95 26 108 42 _c
116 52 120 77 120 117 _c
120 545 _l
120 578 117 600 113 611 _c
109 619 103 626 93 632 _c
79 640 64 644 48 644 _c
25 644 _l
25 662 _l
309 662 _l
309 644 _l
285 644 _l
257 644 238 636 226 620 _c
217 609 213 584 213 545 _c
213 117 _l
213 83 215 61 220 51 _c
}_e{223 43 230 36 240 30 _c
254 22 269 18 285 18 _c
309 18 _l
_cl}_e}_d
/K{{722 0 17 0 730 662 _sc
299 367 _m
543 125 _l
583 84 617 56 645 42 _c
673 28 702 20 730 18 _c
730 0 _l
416 0 _l
416 18 _l
434 18 448 21 456 27 _c
464 33 469 41 469 49 _c
469 57 467 64 464 70 _c
460 76 450 87 434 104 _c
205 331 _l
205 117 _l
205 83 207 61 211 51 _c
214 43 221 36 232 30 _c
246 22 260 18 276 18 _c
299 18 _l
299 0 _l
}_e{17 0 _l
17 18 _l
40 18 _l
67 18 87 26 100 42 _c
107 52 111 77 111 117 _c
111 545 _l
111 578 109 600 105 612 _c
101 620 95 626 85 632 _c
70 640 55 644 40 644 _c
17 644 _l
17 662 _l
299 662 _l
299 644 _l
276 644 _l
260 644 246 640 232 633 _c
222 627 215 619 211 609 _c
207 599 205 577 205 545 _c
205 342 _l
211 348 234 369 272 404 _c
}_e{368 492 427 552 447 582 _c
455 594 460 606 460 616 _c
460 623 456 629 450 635 _c
443 641 432 644 416 644 _c
400 644 _l
400 662 _l
644 662 _l
644 644 _l
629 644 616 642 604 638 _c
592 634 578 627 561 617 _c
544 607 523 590 499 568 _c
491 561 458 528 400 468 _c
299 367 _l
_cl}_e}_d
/M{{889 0 17 0 868 662 _sc
409 0 _m
153 557 _l
153 115 _l
153 74 157 49 167 39 _c
179 25 198 18 224 18 _c
247 18 _l
247 0 _l
17 0 _l
17 18 _l
40 18 _l
68 18 88 26 100 43 _c
106 53 110 77 110 115 _c
110 547 _l
110 576 107 597 101 611 _c
96 620 87 628 75 634 _c
63 640 43 644 17 644 _c
17 662 _l
204 662 _l
444 144 _l
681 662 _l
868 662 _l
}_e{868 644 _l
845 644 _l
817 644 797 635 785 619 _c
777 608 774 584 774 547 _c
774 115 _l
774 74 778 49 788 39 _c
800 25 819 18 845 18 _c
868 18 _l
868 0 _l
587 0 _l
587 18 _l
610 18 _l
638 18 658 26 670 43 _c
677 53 681 77 681 115 _c
681 557 _l
425 0 _l
409 0 _l
_cl}_e}_d
/N{{722 0 -12 -10 708 662 _sc
-12 662 _m
167 662 _l
571 166 _l
571 547 _l
571 587 566 613 558 624 _c
546 637 526 644 500 644 _c
478 644 _l
478 662 _l
708 662 _l
708 644 _l
685 644 _l
657 644 637 635 625 619 _c
617 608 614 584 614 547 _c
614 -10 _l
597 -10 _l
160 522 _l
160 115 _l
160 74 164 49 173 39 _c
185 25 204 18 230 18 _c
254 18 _l
254 0 _l
23 0 _l
}_e{23 18 _l
46 18 _l
74 18 94 26 106 43 _c
113 53 117 77 117 115 _c
117 575 _l
97 597 83 612 73 619 _c
63 626 49 633 30 640 _c
20 642 6 644 -12 644 _c
-12 662 _l
_cl}_e}_d
/O{{722 0 35 -14 684 677 _sc
366 677 _m
452 677 526 644 589 579 _c
652 513 684 432 684 335 _c
684 234 652 151 588 85 _c
524 19 448 -14 358 -14 _c
266 -14 190 18 128 82 _c
66 146 35 230 35 333 _c
35 438 71 524 143 591 _c
205 648 279 677 366 677 _c
356 642 _m
297 642 250 620 214 576 _c
169 521 147 441 147 335 _c
147 227 170 144 216 86 _c
252 42 299 20 357 20 _c
}_e{419 20 470 44 511 92 _c
551 140 572 217 572 322 _c
572 435 549 519 505 575 _c
469 619 419 642 356 642 _c
_cl}_e}_d
/P{{556 0 17 0 521 662 _sc
205 310 _m
205 117 _l
205 75 209 50 219 40 _c
231 25 249 18 275 18 _c
300 18 _l
300 0 _l
17 0 _l
17 18 _l
42 18 _l
69 18 89 27 102 45 _c
108 55 111 79 111 117 _c
111 545 _l
111 586 106 612 98 623 _c
85 637 66 644 42 644 _c
17 644 _l
17 662 _l
259 662 _l
318 662 365 655 399 643 _c
433 631 462 610 486 582 _c
}_e{509 553 521 519 521 479 _c
521 425 503 381 467 347 _c
431 313 381 296 316 296 _c
300 296 282 297 264 299 _c
246 301 226 305 205 310 _c
205 338 _m
222 334 237 332 251 330 _c
264 328 275 328 285 328 _c
319 328 348 341 373 367 _c
397 393 410 427 410 469 _c
410 497 404 524 392 549 _c
380 573 364 592 342 604 _c
320 616 296 623 269 623 _c
252 623 231 619 205 613 _c
205 338 _l
}_e{_cl}_e}_d
/S{{556 0 63 -14 502 677 _sc
458 677 _m
458 448 _l
440 448 _l
434 492 424 527 409 553 _c
393 579 372 599 344 615 _c
316 630 287 638 257 638 _c
223 638 195 627 173 607 _c
151 586 140 563 140 537 _c
140 516 147 497 161 481 _c
181 457 229 424 305 384 _c
367 350 409 325 432 307 _c
454 289 472 268 484 244 _c
496 220 502 195 502 169 _c
502 119 482 76 444 40 _c
}_e{405 4 355 -14 294 -14 _c
274 -14 256 -12 240 -10 _c
230 -8 209 -2 177 7 _c
145 17 125 22 117 22 _c
108 22 101 19 97 15 _c
92 10 89 0 87 -14 _c
69 -14 _l
69 212 _l
87 212 _l
95 164 107 129 121 105 _c
135 81 157 62 187 46 _c
216 30 248 23 284 23 _c
324 23 356 33 380 55 _c
404 76 416 101 416 131 _c
416 147 411 164 402 181 _c
}_e{393 197 379 213 360 227 _c
347 237 312 257 256 289 _c
199 321 159 346 135 365 _c
111 384 93 405 81 428 _c
69 450 63 475 63 503 _c
63 550 81 591 117 625 _c
153 659 200 677 256 677 _c
291 677 328 668 368 651 _c
386 643 399 639 407 639 _c
415 639 421 641 427 646 _c
433 651 437 661 440 677 _c
458 677 _l
_cl}_e}_d
/T{{611 0 30 0 586 662 _sc
579 662 _m
586 507 _l
567 507 _l
563 534 559 553 553 565 _c
543 584 529 598 512 607 _c
495 616 473 621 446 621 _c
353 621 _l
353 115 _l
353 74 357 49 366 39 _c
378 25 397 18 423 18 _c
446 18 _l
446 0 _l
166 0 _l
166 18 _l
189 18 _l
217 18 237 26 249 43 _c
255 53 259 77 259 115 _c
259 621 _l
180 621 _l
148 621 126 618 114 614 _c
}_e{96 607 82 595 70 578 _c
58 560 51 537 49 507 _c
30 507 _l
38 662 _l
579 662 _l
_cl}_e}_d
/a{{444 0 36 -8 442 460 _sc
285 64 _m
239 28 210 8 198 3 _c
180 -4 162 -8 142 -8 _c
111 -8 86 2 66 23 _c
46 43 36 71 36 106 _c
36 128 40 147 50 163 _c
63 185 86 205 119 225 _c
152 244 207 268 285 296 _c
285 314 _l
285 358 277 389 263 406 _c
249 422 228 431 202 431 _c
181 431 165 425 153 414 _c
140 402 134 390 134 376 _c
135 348 _l
}_e{135 332 131 321 123 313 _c
115 305 106 301 94 301 _c
82 301 72 305 64 313 _c
56 321 53 333 53 348 _c
53 376 67 401 96 425 _c
124 448 164 460 216 460 _c
256 460 288 453 314 440 _c
333 430 347 414 356 393 _c
362 379 365 350 365 307 _c
365 155 _l
365 112 365 86 367 77 _c
369 67 371 61 375 58 _c
379 54 383 53 389 53 _c
393 53 398 54 402 56 _c
}_e{409 60 422 72 442 92 _c
442 64 _l
405 16 370 -8 337 -8 _c
321 -8 308 -2 299 8 _c
289 18 285 37 285 64 _c
285 96 _m
285 267 _l
235 247 203 233 189 225 _c
163 211 145 196 134 180 _c
123 164 118 147 118 129 _c
118 105 125 86 139 70 _c
153 54 169 47 187 47 _c
211 47 244 63 285 96 _c
_cl}_e}_d
/c{{444 0 34 -13 411 460 _sc
411 170 _m
399 111 375 66 340 34 _c
305 2 266 -13 224 -13 _c
172 -13 128 8 90 50 _c
52 92 34 150 34 223 _c
34 293 55 350 97 394 _c
139 438 189 460 248 460 _c
291 460 327 448 355 425 _c
383 402 398 378 398 353 _c
398 340 394 330 386 323 _c
378 315 367 312 353 312 _c
333 312 319 318 310 330 _c
304 336 300 349 298 369 _c
}_e{296 388 290 403 279 413 _c
267 423 251 428 231 428 _c
199 428 173 416 153 392 _c
126 360 113 317 113 265 _c
113 211 126 164 152 124 _c
178 83 214 63 259 63 _c
291 63 319 73 345 95 _c
363 110 380 137 397 177 _c
411 170 _l
_cl}_e}_d
/e{{444 0 37 -13 416 461 _sc
106 279 _m
106 212 122 160 155 123 _c
187 85 226 66 270 66 _c
298 66 323 74 345 90 _c
367 106 385 133 400 173 _c
416 163 _l
408 118 388 77 356 41 _c
323 5 282 -13 232 -13 _c
178 -13 132 7 94 49 _c
56 91 37 147 37 218 _c
37 294 56 354 96 397 _c
135 439 184 461 244 461 _c
294 461 335 444 367 411 _c
399 378 416 334 416 279 _c
}_e{106 279 _l
106 307 _m
313 307 _l
311 335 308 356 303 368 _c
295 386 283 400 267 410 _c
251 420 234 426 216 426 _c
189 426 165 415 144 394 _c
122 373 110 344 106 307 _c
_cl}_e}_d
/f{{333 0 39 0 435 693 _sc
206 412 _m
206 118 _l
206 76 210 50 220 39 _c
232 25 248 18 268 18 _c
309 18 _l
309 0 _l
42 0 _l
42 18 _l
62 18 _l
74 18 86 21 97 27 _c
107 33 115 42 119 53 _c
123 64 125 86 125 118 _c
125 412 _l
39 412 _l
39 447 _l
125 447 _l
125 477 _l
125 521 132 558 146 589 _c
160 620 182 645 212 664 _c
242 683 275 693 312 693 _c
}_e{346 693 377 682 406 660 _c
425 645 435 629 435 611 _c
435 601 430 591 422 583 _c
413 574 404 570 395 570 _c
387 570 378 572 370 578 _c
362 583 352 595 340 613 _c
328 631 317 643 307 649 _c
297 655 285 658 273 658 _c
258 658 245 654 235 646 _c
225 638 217 625 213 609 _c
208 592 206 549 206 479 _c
206 447 _l
321 447 _l
321 412 _l
206 412 _l
_cl}_e}_d
/g{{500 0 30 -215 482 460 _sc
151 163 _m
123 176 102 195 88 219 _c
73 243 66 269 66 298 _c
66 342 82 380 116 412 _c
149 444 192 460 244 460 _c
286 460 323 449 355 429 _c
450 429 _l
464 429 472 428 474 428 _c
476 427 478 426 479 424 _c
481 420 482 415 482 408 _c
482 400 481 394 479 391 _c
478 389 476 387 474 386 _c
472 385 464 385 450 385 _c
392 385 _l
}_e{410 361 419 331 419 295 _c
419 253 403 218 371 188 _c
339 158 296 144 243 144 _c
220 144 197 147 175 154 _c
160 141 150 130 145 121 _c
140 111 138 104 138 98 _c
138 92 140 86 146 81 _c
151 76 162 72 178 70 _c
186 68 209 67 246 67 _c
313 65 356 62 376 60 _c
406 56 431 45 449 27 _c
467 9 476 -13 476 -40 _c
476 -76 458 -111 424 -144 _c
}_e{373 -191 307 -215 226 -215 _c
162 -215 109 -200 66 -172 _c
42 -156 30 -139 30 -122 _c
30 -114 31 -106 35 -98 _c
40 -86 51 -69 69 -48 _c
71 -44 88 -27 119 4 _c
102 14 90 23 83 31 _c
76 39 73 48 73 58 _c
73 69 77 82 87 98 _c
96 113 117 135 151 163 _c
236 437 _m
212 437 191 427 175 408 _c
159 388 151 359 151 320 _c
151 268 162 228 184 200 _c
}_e{200 178 222 168 249 168 _c
273 168 293 177 309 196 _c
325 214 333 243 333 283 _c
333 335 322 375 300 405 _c
283 426 262 437 236 437 _c
146 0 _m
130 -16 119 -31 111 -45 _c
103 -59 100 -73 100 -85 _c
100 -100 109 -114 128 -126 _c
160 -146 207 -156 269 -156 _c
327 -156 370 -145 398 -125 _c
426 -104 440 -82 440 -59 _c
440 -42 432 -30 416 -23 _c
398 -15 365 -11 315 -10 _c
}_e{241 -8 185 -4 146 0 _c
_cl}_e}_d
/i{{278 0 29 0 253 694 _sc
145 694 _m
159 694 170 689 180 680 _c
189 670 194 659 194 645 _c
194 631 189 620 180 610 _c
170 600 159 595 145 595 _c
131 595 120 600 110 610 _c
100 620 95 631 95 645 _c
95 659 99 670 109 680 _c
119 689 131 694 145 694 _c
186 460 _m
186 101 _l
186 73 188 54 192 45 _c
196 35 202 28 210 24 _c
218 20 232 18 253 18 _c
253 0 _l
36 0 _l
}_e{36 18 _l
58 18 72 20 80 24 _c
87 28 93 35 97 45 _c
101 55 104 73 104 101 _c
104 273 _l
104 321 102 353 100 368 _c
98 378 94 385 89 389 _c
84 393 77 396 69 396 _c
60 396 49 393 36 388 _c
29 406 _l
164 460 _l
186 460 _l
_cl}_e}_d
/k{{500 0 8 0 506 694 _sc
164 694 _m
164 249 _l
277 353 _l
301 375 315 389 319 395 _c
321 399 323 403 323 407 _c
323 413 320 419 315 424 _c
309 428 301 431 289 432 _c
289 447 _l
483 447 _l
483 432 _l
456 431 434 427 416 419 _c
398 411 379 398 358 379 _c
243 273 _l
358 128 _l
390 88 411 62 422 52 _c
438 36 451 26 463 22 _c
471 19 486 18 506 18 _c
506 0 _l
}_e{289 0 _l
289 18 _l
301 18 309 19 313 23 _c
317 26 320 31 320 38 _c
320 45 313 57 301 74 _c
164 249 _l
164 101 _l
164 71 166 52 170 43 _c
174 34 179 28 187 24 _c
194 20 210 18 236 18 _c
236 0 _l
8 0 _l
8 18 _l
30 18 48 20 60 26 _c
66 29 71 34 75 42 _c
80 53 83 72 83 98 _c
83 505 _l
83 557 81 588 79 600 _c
}_e{77 612 73 620 68 624 _c
62 628 55 631 47 631 _c
40 631 30 628 17 623 _c
8 640 _l
141 694 _l
164 694 _l
_cl}_e}_d
/l{278 0 30 0 257 694 _sc
185 694 _m
185 101 _l
185 73 187 54 191 45 _c
195 36 201 29 210 25 _c
218 20 234 18 257 18 _c
257 0 _l
38 0 _l
38 18 _l
58 18 72 20 80 24 _c
87 28 93 35 97 45 _c
101 55 104 73 104 101 _c
104 507 _l
104 557 102 588 100 600 _c
98 612 94 620 89 624 _c
84 628 78 630 70 630 _c
62 630 51 627 38 623 _c
30 640 _l
163 694 _l
185 694 _l
_cl}_d
/m{{778 0 8 0 773 460 _sc
164 365 _m
196 397 216 416 222 421 _c
236 433 252 443 269 450 _c
285 456 302 460 319 460 _c
347 460 371 452 391 436 _c
411 420 425 396 432 365 _c
465 404 493 430 517 442 _c
540 454 564 460 588 460 _c
612 460 633 454 651 442 _c
669 430 684 410 695 382 _c
702 363 706 333 706 293 _c
706 101 _l
706 73 708 53 712 43 _c
715 36 721 30 730 25 _c
}_e{739 20 753 18 773 18 _c
773 0 _l
553 0 _l
553 18 _l
562 18 _l
581 18 596 21 607 29 _c
614 34 619 42 623 54 _c
624 59 625 75 625 101 _c
625 293 _l
625 329 620 355 612 371 _c
599 391 579 402 551 402 _c
533 402 516 397 499 389 _c
481 380 460 364 436 341 _c
435 335 _l
436 314 _l
436 101 _l
436 70 437 51 441 44 _c
444 36 450 30 460 25 _c
}_e{469 20 485 18 508 18 _c
508 0 _l
282 0 _l
282 18 _l
306 18 323 20 333 26 _c
342 32 349 41 353 53 _c
354 58 355 74 355 101 _c
355 293 _l
355 329 349 356 339 372 _c
324 392 304 403 279 403 _c
261 403 243 398 227 389 _c
199 375 178 359 164 341 _c
164 101 _l
164 71 166 52 170 44 _c
174 35 180 28 188 24 _c
196 20 212 18 237 18 _c
237 0 _l
}_e{16 0 _l
16 18 _l
36 18 50 20 58 24 _c
66 28 73 35 77 45 _c
81 55 83 73 83 101 _c
83 272 _l
83 321 81 353 79 367 _c
77 377 73 385 68 389 _c
63 393 56 396 48 396 _c
39 396 28 393 16 388 _c
8 406 _l
143 460 _l
164 460 _l
164 365 _l
_cl}_e}_d
/n{{500 0 6 0 496 460 _sc
162 366 _m
214 428 264 460 312 460 _c
336 460 356 454 374 442 _c
392 430 406 410 417 382 _c
423 362 427 332 427 292 _c
427 101 _l
427 73 429 53 434 43 _c
437 35 443 28 451 24 _c
459 20 474 18 496 18 _c
496 0 _l
274 0 _l
274 18 _l
284 18 _l
304 18 319 21 327 27 _c
335 33 341 43 345 55 _c
346 60 347 75 347 101 _c
347 284 _l
}_e{347 324 341 354 331 372 _c
320 390 302 400 277 400 _c
238 400 200 379 162 337 _c
162 101 _l
162 71 163 52 167 45 _c
171 35 178 28 186 24 _c
194 20 210 18 234 18 _c
234 0 _l
13 0 _l
13 18 _l
23 18 _l
45 18 61 23 69 35 _c
77 46 81 68 81 101 _c
81 267 _l
81 321 79 353 77 365 _c
75 377 71 385 66 389 _c
61 393 54 396 46 396 _c
}_e{36 396 25 393 13 388 _c
6 406 _l
141 460 _l
162 460 _l
162 366 _l
_cl}_e}_d
/o{{500 0 34 -13 465 460 _sc
250 460 _m
318 460 372 434 413 383 _c
447 339 465 288 465 232 _c
465 192 455 151 436 110 _c
417 69 391 38 357 18 _c
323 -2 286 -13 245 -13 _c
177 -13 124 13 84 67 _c
50 112 34 163 34 219 _c
34 260 44 301 64 341 _c
84 381 111 411 144 431 _c
177 450 212 460 250 460 _c
235 429 _m
217 429 200 423 183 413 _c
165 403 151 385 141 359 _c
}_e{130 333 125 300 125 260 _c
125 195 137 139 163 92 _c
189 44 223 21 266 21 _c
297 21 323 34 344 60 _c
364 86 375 130 375 194 _c
375 273 357 336 323 382 _c
300 413 271 429 235 429 _c
_cl}_e}_d
/p{{500 0 -2 -213 466 460 _sc
0 403 _m
137 458 _l
155 458 _l
155 354 _l
178 393 201 420 225 436 _c
248 452 272 460 298 460 _c
343 460 381 442 411 408 _c
447 364 466 308 466 240 _c
466 162 443 98 399 48 _c
363 7 317 -13 262 -13 _c
238 -13 217 -9 199 -2 _c
186 2 171 11 155 26 _c
155 -109 _l
155 -139 157 -159 161 -167 _c
165 -175 171 -182 180 -187 _c
189 -192 206 -195 231 -195 _c
}_e{231 -213 _l
-2 -213 _l
-2 -195 _l
9 -195 _l
27 -195 42 -191 55 -185 _c
61 -181 65 -175 69 -167 _c
72 -159 74 -138 74 -106 _c
74 315 _l
74 344 72 362 70 370 _c
67 378 63 384 57 388 _c
51 392 44 394 35 394 _c
27 394 17 391 5 387 _c
0 403 _l
155 325 _m
155 158 _l
155 122 156 98 160 87 _c
164 68 175 51 193 37 _c
211 23 233 16 260 16 _c
}_e{292 16 319 28 339 54 _c
365 87 379 134 379 194 _c
379 262 364 314 334 352 _c
313 377 288 390 260 390 _c
244 390 228 386 213 378 _c
201 372 182 354 155 325 _c
_cl}_e}_d
/r{{333 0 6 0 339 460 _sc
162 460 _m
162 360 _l
199 426 237 460 277 460 _c
295 460 309 454 321 444 _c
333 433 339 420 339 406 _c
339 393 334 382 326 374 _c
318 365 308 361 296 361 _c
284 361 272 366 258 378 _c
244 389 233 395 227 395 _c
221 395 214 391 208 385 _c
193 371 178 349 162 319 _c
162 104 _l
162 79 165 60 171 48 _c
175 39 183 32 194 26 _c
}_e{204 20 220 18 240 18 _c
240 0 _l
11 0 _l
11 18 _l
33 18 50 21 62 28 _c
70 33 75 41 79 53 _c
81 59 82 75 82 101 _c
82 274 _l
82 326 80 357 78 367 _c
76 377 72 384 66 389 _c
60 393 53 396 45 396 _c
35 396 23 393 11 388 _c
6 406 _l
142 460 _l
162 460 _l
_cl}_e}_d
/s{{389 0 49 -13 354 460 _sc
320 460 _m
320 308 _l
304 308 _l
292 356 276 388 257 406 _c
237 423 213 432 183 432 _c
159 432 141 426 127 414 _c
113 402 106 388 106 374 _c
106 355 111 339 122 327 _c
132 313 152 299 184 284 _c
255 250 _l
321 217 354 174 354 122 _c
354 81 338 48 308 24 _c
277 0 243 -13 205 -13 _c
177 -13 146 -8 111 1 _c
100 4 91 6 84 6 _c
}_e{76 6 71 2 67 -6 _c
51 -6 _l
51 153 _l
67 153 _l
76 107 93 72 119 49 _c
145 26 174 15 206 15 _c
228 15 246 21 260 35 _c
274 48 282 64 282 83 _c
282 105 274 123 258 139 _c
242 154 210 173 163 197 _c
116 220 85 241 71 261 _c
56 279 49 303 49 331 _c
49 367 61 398 87 423 _c
112 447 145 460 185 460 _c
202 460 223 456 249 449 _c
}_e{265 444 276 442 282 442 _c
287 442 291 443 294 445 _c
296 447 300 452 304 460 _c
320 460 _l
_cl}_e}_d
/t{{278 0 10 -6 279 594 _sc
161 594 _m
161 447 _l
266 447 _l
266 413 _l
161 413 _l
161 123 _l
161 94 165 74 173 64 _c
181 54 192 49 206 49 _c
216 49 227 52 237 59 _c
247 65 254 75 260 89 _c
279 89 _l
267 57 251 33 231 17 _c
210 1 189 -6 167 -6 _c
151 -6 136 -2 122 6 _c
108 14 97 25 91 41 _c
84 56 81 80 81 112 _c
81 413 _l
10 413 _l
}_e{10 429 _l
28 436 46 448 65 465 _c
83 482 100 502 115 526 _c
122 538 132 561 146 594 _c
161 594 _l
_cl}_e}_d
/u{{500 0 1 -13 499 447 _sc
423 447 _m
423 176 _l
423 124 424 93 427 81 _c
429 69 433 61 439 57 _c
444 52 450 50 458 50 _c
468 50 479 53 492 59 _c
499 42 _l
365 -13 _l
343 -13 _l
343 81 _l
304 39 275 13 255 3 _c
235 -7 213 -13 191 -13 _c
165 -13 143 -6 125 8 _c
107 22 94 41 87 64 _c
80 86 77 119 77 161 _c
77 360 _l
77 381 74 396 70 404 _c
}_e{65 412 58 419 49 423 _c
40 427 24 429 1 429 _c
1 447 _l
158 447 _l
158 148 _l
158 106 165 78 179 65 _c
193 52 211 46 232 46 _c
246 46 261 50 279 59 _c
297 68 318 85 343 110 _c
343 363 _l
343 388 338 405 329 414 _c
319 423 300 428 271 429 _c
271 447 _l
423 447 _l
_cl}_e}_d
/w{{722 0 6 -13 713 447 _sc
6 447 _m
194 447 _l
194 429 _l
176 427 165 424 160 420 _c
154 415 152 408 152 399 _c
152 389 154 376 160 362 _c
256 105 _l
352 314 _l
327 380 _l
319 400 308 413 296 421 _c
288 425 275 428 256 429 _c
256 447 _l
469 447 _l
469 429 _l
445 428 429 424 419 417 _c
412 411 409 403 409 392 _c
409 385 410 378 413 372 _c
515 115 _l
609 362 _l
}_e{615 380 619 394 619 404 _c
619 410 615 416 609 421 _c
603 425 590 428 572 429 _c
572 447 _l
713 447 _l
713 429 _l
684 425 663 406 650 372 _c
501 -13 _l
481 -13 _l
369 272 _l
239 -13 _l
221 -13 _l
77 362 _l
67 386 58 402 49 410 _c
40 418 26 425 6 429 _c
6 447 _l
_cl}_e}_d
/x{{500 0 13 0 488 447 _sc
13 447 _m
224 447 _l
224 429 _l
210 429 201 426 196 422 _c
190 418 188 412 188 404 _c
188 396 193 384 205 368 _c
208 362 213 354 221 344 _c
252 293 _l
289 344 _l
312 376 324 396 324 405 _c
324 411 321 417 316 422 _c
310 426 301 429 289 429 _c
289 447 _l
440 447 _l
440 429 _l
424 428 411 424 399 416 _c
383 404 361 380 333 344 _c
272 262 _l
}_e{384 102 _l
411 62 430 39 442 31 _c
454 23 469 18 488 18 _c
488 0 _l
277 0 _l
277 18 _l
291 18 303 21 311 27 _c
317 31 320 37 320 45 _c
320 53 309 72 289 102 _c
224 198 _l
152 102 _l
130 72 119 55 119 49 _c
119 41 122 34 130 28 _c
137 22 148 18 163 18 _c
163 0 _l
17 0 _l
17 18 _l
28 19 38 23 47 30 _c
59 39 80 63 110 102 _c
}_e{204 227 _l
119 350 _l
95 384 76 406 63 415 _c
49 424 33 429 13 429 _c
13 447 _l
_cl}_e}_d
/y{{500 0 6 -215 494 447 _sc
6 447 _m
214 447 _l
214 429 _l
204 429 _l
189 429 178 425 171 419 _c
163 413 160 405 160 396 _c
160 383 165 365 176 343 _c
285 118 _l
385 365 _l
391 378 394 391 394 404 _c
394 410 392 414 390 417 _c
387 421 383 424 378 426 _c
372 428 363 429 349 429 _c
349 447 _l
494 447 _l
494 429 _l
482 427 472 425 466 421 _c
460 417 453 410 445 399 _c
}_e{441 395 436 382 428 362 _c
246 -83 _l
228 -126 205 -159 177 -181 _c
148 -203 121 -215 95 -215 _c
75 -215 59 -209 47 -198 _c
35 -187 29 -174 29 -160 _c
29 -146 33 -135 42 -127 _c
51 -119 63 -115 79 -115 _c
89 -115 104 -118 123 -125 _c
136 -130 144 -133 147 -133 _c
157 -133 167 -128 179 -118 _c
191 -108 202 -88 214 -59 _c
246 18 _l
85 355 _l
80 365 72 377 62 393 _c
}_e{54 404 47 412 42 416 _c
34 420 22 425 6 429 _c
6 447 _l
_cl}_e}_d
end readonly def

/BuildGlyph
 {exch begin
 CharStrings exch
 2 copy known not{pop /.notdef}if
 true 3 1 roll get exec
 end}_d

/BuildChar {
 1 index /Encoding get exch get
 1 index /BuildGlyph get exec
}_d

FontName currentdict end definefont pop
end
%%EndProlog
mpldict begin
54.084 204.439 translate
503.831 383.123 0 0 clipbox
gsave
0 0 m
503.83125 0 l
503.83125 383.1225 l
0 383.1225 l
cl
grestore
gsave
50.23125 49.7625 m
496.63125 49.7625 l
496.63125 375.9225 l
50.23125 375.9225 l
cl
1.000 setgray
fill
grestore
0.800 setlinewidth
1 setlinejoin
0 setlinecap
[] 0 setdash
0.000 setgray
gsave
/o {
gsave
newpath
translate
0.8 setlinewidth
1 setlinejoin
0 setlinecap
0 0 m
0 -3.5 l

gsave
0.000 setgray
fill
grestore
stroke
grestore
} bind def
124.407 49.7625 o
grestore
gsave
114.406906 28.762500 translate
0.000000 rotate
/TimesNewRomanPSMT findfont
14.0 scalefont
setfont
0.000000 0.956125 moveto
/one glyphshow
7.000000 0.956125 moveto
/zero glyphshow
/TimesNewRomanPSMT findfont
9.799999999999999 scalefont
setfont
14.210394 9.371875 moveto
/two glyphshow

grestore
gsave
/o {
gsave
newpath
translate
0.8 setlinewidth
1 setlinejoin
0 setlinecap
0 0 m
0 -3.5 l

gsave
0.000 setgray
fill
grestore
stroke
grestore
} bind def
303.408 49.7625 o
grestore
gsave
293.408162 28.762500 translate
0.000000 rotate
/TimesNewRomanPSMT findfont
14.0 scalefont
setfont
0.000000 0.956125 moveto
/one glyphshow
7.000000 0.956125 moveto
/zero glyphshow
/TimesNewRomanPSMT findfont
9.799999999999999 scalefont
setfont
14.210394 9.371875 moveto
/three glyphshow

grestore
gsave
/o {
gsave
newpath
translate
0.8 setlinewidth
1 setlinejoin
0 setlinecap
0 0 m
0 -3.5 l

gsave
0.000 setgray
fill
grestore
stroke
grestore
} bind def
482.409 49.7625 o
grestore
gsave
472.409418 28.762500 translate
0.000000 rotate
/TimesNewRomanPSMT findfont
14.0 scalefont
setfont
0.000000 0.956125 moveto
/one glyphshow
7.000000 0.956125 moveto
/zero glyphshow
/TimesNewRomanPSMT findfont
9.799999999999999 scalefont
setfont
14.210394 9.371875 moveto
/four glyphshow

grestore
0.600 setlinewidth
gsave
/o {
gsave
newpath
translate
0.6 setlinewidth
1 setlinejoin
0 setlinecap
0 0 m
0 -2 l

gsave
0.000 setgray
fill
grestore
stroke
grestore
} bind def
53.1751 49.7625 o
grestore
gsave
/o {
gsave
newpath
translate
0.6 setlinewidth
1 setlinejoin
0 setlinecap
0 0 m
0 -2 l

gsave
0.000 setgray
fill
grestore
stroke
grestore
} bind def
70.5222 49.7625 o
grestore
gsave
/o {
gsave
newpath
translate
0.6 setlinewidth
1 setlinejoin
0 setlinecap
0 0 m
0 -2 l

gsave
0.000 setgray
fill
grestore
stroke
grestore
} bind def
84.6957 49.7625 o
grestore
gsave
/o {
gsave
newpath
translate
0.6 setlinewidth
1 setlinejoin
0 setlinecap
0 0 m
0 -2 l

gsave
0.000 setgray
fill
grestore
stroke
grestore
} bind def
96.6793 49.7625 o
grestore
gsave
/o {
gsave
newpath
translate
0.6 setlinewidth
1 setlinejoin
0 setlinecap
0 0 m
0 -2 l

gsave
0.000 setgray
fill
grestore
stroke
grestore
} bind def
107.06 49.7625 o
grestore
gsave
/o {
gsave
newpath
translate
0.6 setlinewidth
1 setlinejoin
0 setlinecap
0 0 m
0 -2 l

gsave
0.000 setgray
fill
grestore
stroke
grestore
} bind def
116.216 49.7625 o
grestore
gsave
/o {
gsave
newpath
translate
0.6 setlinewidth
1 setlinejoin
0 setlinecap
0 0 m
0 -2 l

gsave
0.000 setgray
fill
grestore
stroke
grestore
} bind def
178.292 49.7625 o
grestore
gsave
/o {
gsave
newpath
translate
0.6 setlinewidth
1 setlinejoin
0 setlinecap
0 0 m
0 -2 l

gsave
0.000 setgray
fill
grestore
stroke
grestore
} bind def
209.812 49.7625 o
grestore
gsave
/o {
gsave
newpath
translate
0.6 setlinewidth
1 setlinejoin
0 setlinecap
0 0 m
0 -2 l

gsave
0.000 setgray
fill
grestore
stroke
grestore
} bind def
232.176 49.7625 o
grestore
gsave
/o {
gsave
newpath
translate
0.6 setlinewidth
1 setlinejoin
0 setlinecap
0 0 m
0 -2 l

gsave
0.000 setgray
fill
grestore
stroke
grestore
} bind def
249.523 49.7625 o
grestore
gsave
/o {
gsave
newpath
translate
0.6 setlinewidth
1 setlinejoin
0 setlinecap
0 0 m
0 -2 l

gsave
0.000 setgray
fill
grestore
stroke
grestore
} bind def
263.697 49.7625 o
grestore
gsave
/o {
gsave
newpath
translate
0.6 setlinewidth
1 setlinejoin
0 setlinecap
0 0 m
0 -2 l

gsave
0.000 setgray
fill
grestore
stroke
grestore
} bind def
275.681 49.7625 o
grestore
gsave
/o {
gsave
newpath
translate
0.6 setlinewidth
1 setlinejoin
0 setlinecap
0 0 m
0 -2 l

gsave
0.000 setgray
fill
grestore
stroke
grestore
} bind def
286.061 49.7625 o
grestore
gsave
/o {
gsave
newpath
translate
0.6 setlinewidth
1 setlinejoin
0 setlinecap
0 0 m
0 -2 l

gsave
0.000 setgray
fill
grestore
stroke
grestore
} bind def
295.218 49.7625 o
grestore
gsave
/o {
gsave
newpath
translate
0.6 setlinewidth
1 setlinejoin
0 setlinecap
0 0 m
0 -2 l

gsave
0.000 setgray
fill
grestore
stroke
grestore
} bind def
357.293 49.7625 o
grestore
gsave
/o {
gsave
newpath
translate
0.6 setlinewidth
1 setlinejoin
0 setlinecap
0 0 m
0 -2 l

gsave
0.000 setgray
fill
grestore
stroke
grestore
} bind def
388.813 49.7625 o
grestore
gsave
/o {
gsave
newpath
translate
0.6 setlinewidth
1 setlinejoin
0 setlinecap
0 0 m
0 -2 l

gsave
0.000 setgray
fill
grestore
stroke
grestore
} bind def
411.178 49.7625 o
grestore
gsave
/o {
gsave
newpath
translate
0.6 setlinewidth
1 setlinejoin
0 setlinecap
0 0 m
0 -2 l

gsave
0.000 setgray
fill
grestore
stroke
grestore
} bind def
428.525 49.7625 o
grestore
gsave
/o {
gsave
newpath
translate
0.6 setlinewidth
1 setlinejoin
0 setlinecap
0 0 m
0 -2 l

gsave
0.000 setgray
fill
grestore
stroke
grestore
} bind def
442.698 49.7625 o
grestore
gsave
/o {
gsave
newpath
translate
0.6 setlinewidth
1 setlinejoin
0 setlinecap
0 0 m
0 -2 l

gsave
0.000 setgray
fill
grestore
stroke
grestore
} bind def
454.682 49.7625 o
grestore
gsave
/o {
gsave
newpath
translate
0.6 setlinewidth
1 setlinejoin
0 setlinecap
0 0 m
0 -2 l

gsave
0.000 setgray
fill
grestore
stroke
grestore
} bind def
465.062 49.7625 o
grestore
gsave
/o {
gsave
newpath
translate
0.6 setlinewidth
1 setlinejoin
0 setlinecap
0 0 m
0 -2 l

gsave
0.000 setgray
fill
grestore
stroke
grestore
} bind def
474.219 49.7625 o
grestore
/TimesNewRomanPSMT findfont
16.000 scalefont
setfont
gsave
152.282812 10.653125 translate
0.000000 rotate
0.000000 0 m /numbersign glyphshow
8.000000 0 m /space glyphshow
12.000000 0 m /o glyphshow
20.000000 0 m /f glyphshow
25.328125 0 m /space glyphshow
29.328125 0 m /F glyphshow
38.226562 0 m /i glyphshow
42.671875 0 m /n glyphshow
50.671875 0 m /e glyphshow
57.773438 0 m /hyphen glyphshow
63.101562 0 m /t glyphshow
67.546875 0 m /u glyphshow
75.546875 0 m /n glyphshow
83.546875 0 m /i glyphshow
87.992188 0 m /n glyphshow
95.992188 0 m /g glyphshow
103.992188 0 m /space glyphshow
107.992188 0 m /E glyphshow
117.765625 0 m /x glyphshow
125.765625 0 m /a glyphshow
132.867188 0 m /m glyphshow
145.312500 0 m /p glyphshow
153.312500 0 m /l glyphshow
157.757812 0 m /e glyphshow
164.859375 0 m /s glyphshow
171.085938 0 m /space glyphshow
175.085938 0 m /parenleft glyphshow
180.414062 0 m /l glyphshow
184.859375 0 m /o glyphshow
192.859375 0 m /g glyphshow
200.859375 0 m /space glyphshow
204.859375 0 m /s glyphshow
211.085938 0 m /c glyphshow
218.187500 0 m /a glyphshow
225.289062 0 m /l glyphshow
229.734375 0 m /e glyphshow
236.835938 0 m /parenright glyphshow
grestore
0.800 setlinewidth
gsave
/o {
gsave
newpath
translate
0.8 setlinewidth
1 setlinejoin
0 setlinecap
-0 0 m
-3.5 0 l

gsave
0.000 setgray
fill
grestore
stroke
grestore
} bind def
50.2313 49.7625 o
grestore
/TimesNewRomanPSMT findfont
14.000 scalefont
setfont
gsave
25.731250 44.903125 translate
0.000000 rotate
0.000000 0 m /zero glyphshow
7.000000 0 m /period glyphshow
10.500000 0 m /two glyphshow
grestore
gsave
/o {
gsave
newpath
translate
0.8 setlinewidth
1 setlinejoin
0 setlinecap
-0 0 m
-3.5 0 l

gsave
0.000 setgray
fill
grestore
stroke
grestore
} bind def
50.2313 109.064 o
grestore
gsave
25.731250 104.204943 translate
0.000000 rotate
0.000000 0 m /zero glyphshow
7.000000 0 m /period glyphshow
10.500000 0 m /three glyphshow
grestore
gsave
/o {
gsave
newpath
translate
0.8 setlinewidth
1 setlinejoin
0 setlinecap
-0 0 m
-3.5 0 l

gsave
0.000 setgray
fill
grestore
stroke
grestore
} bind def
50.2313 168.366 o
grestore
gsave
25.731250 163.506761 translate
0.000000 rotate
0.000000 0 m /zero glyphshow
7.000000 0 m /period glyphshow
10.500000 0 m /four glyphshow
grestore
gsave
/o {
gsave
newpath
translate
0.8 setlinewidth
1 setlinejoin
0 setlinecap
-0 0 m
-3.5 0 l

gsave
0.000 setgray
fill
grestore
stroke
grestore
} bind def
50.2313 227.668 o
grestore
gsave
25.731250 222.808580 translate
0.000000 rotate
0.000000 0 m /zero glyphshow
7.000000 0 m /period glyphshow
10.500000 0 m /five glyphshow
grestore
gsave
/o {
gsave
newpath
translate
0.8 setlinewidth
1 setlinejoin
0 setlinecap
-0 0 m
-3.5 0 l

gsave
0.000 setgray
fill
grestore
stroke
grestore
} bind def
50.2313 286.97 o
grestore
gsave
25.731250 282.110398 translate
0.000000 rotate
0.000000 0 m /zero glyphshow
7.000000 0 m /period glyphshow
10.500000 0 m /six glyphshow
grestore
gsave
/o {
gsave
newpath
translate
0.8 setlinewidth
1 setlinejoin
0 setlinecap
-0 0 m
-3.5 0 l

gsave
0.000 setgray
fill
grestore
stroke
grestore
} bind def
50.2313 346.272 o
grestore
gsave
25.731250 341.412216 translate
0.000000 rotate
0.000000 0 m /zero glyphshow
7.000000 0 m /period glyphshow
10.500000 0 m /seven glyphshow
grestore
/TimesNewRomanPSMT findfont
16.000 scalefont
setfont
gsave
18.278125 182.178438 translate
90.000000 rotate
0.000000 0 m /A glyphshow
11.554688 0 m /c glyphshow
18.656250 0 m /c glyphshow
25.757812 0 m /u glyphshow
33.757812 0 m /r glyphshow
39.085938 0 m /a glyphshow
46.187500 0 m /c glyphshow
53.289062 0 m /y glyphshow
grestore
1.000 setlinewidth
2 setlinecap
0.267 0.314 0.275 setrgbcolor
gsave
446.4 326.2 50.23 49.76 clipbox
70.522159 342.832085 m
124.406906 345.204158 l
209.81221 350.778529 l
303.408162 357.242427 l
388.813466 357.538936 l
476.340341 361.037744 l
stroke
grestore
0 setlinecap
0.576 0.722 0.451 setrgbcolor
gsave
446.4 326.2 50.23 49.76 clipbox
/o {
gsave
newpath
translate
1.0 setlinewidth
1 setlinejoin
0 setlinecap
0 -4 m
1.060812 -4 2.078319 -3.578535 2.828427 -2.828427 c
3.578535 -2.078319 4 -1.060812 4 0 c
4 1.060812 3.578535 2.078319 2.828427 2.828427 c
2.078319 3.578535 1.060812 4 0 4 c
-1.060812 4 -2.078319 3.578535 -2.828427 2.828427 c
-3.578535 2.078319 -4 1.060812 -4 0 c
-4 -1.060812 -3.578535 -2.078319 -2.828427 -2.828427 c
-2.078319 -3.578535 -1.060812 -4 0 -4 c
cl

gsave
0.576 0.722 0.451 setrgbcolor
fill
grestore
stroke
grestore
} bind def
70.5222 342.832 o
124.407 345.204 o
209.812 350.779 o
303.408 357.242 o
388.813 357.539 o
476.34 361.038 o
grestore
0.500 setlinewidth
2 setlinecap
0.000 setgray
gsave
446.4 326.2 50.23 49.76 clipbox
70.522159 134.801307 m
124.406906 145.060522 l
209.81221 192.324071 l
303.408162 229.565613 l
388.813466 264.494384 l
476.340341 292.662747 l
stroke
grestore
1.000 setlinewidth
0 setlinejoin
0 setlinecap
gsave
446.4 326.2 50.23 49.76 clipbox
/o {
gsave
newpath
translate
1.0 setlinewidth
0 setlinejoin
0 setlinecap
-2.5 -2.5 m
2.5 -2.5 l
2.5 2.5 l
-2.5 2.5 l
cl

gsave
0.000 setgray
fill
grestore
stroke
grestore
} bind def
70.5222 134.801 o
124.407 145.061 o
209.812 192.324 o
303.408 229.566 o
388.813 264.494 o
476.34 292.663 o
grestore
0.500 setlinewidth
1 setlinejoin
2 setlinecap
gsave
446.4 326.2 50.23 49.76 clipbox
70.522159 260.106049 m
124.406906 260.995576 l
209.81221 278.845424 l
303.408162 289.994165 l
388.813466 302.032435 l
476.340341 311.164915 l
stroke
grestore
1.000 setlinewidth
0 setlinejoin
0 setlinecap
gsave
446.4 326.2 50.23 49.76 clipbox
/o {
gsave
newpath
translate
1.0 setlinewidth
0 setlinejoin
0 setlinecap
-0 -3.535534 m
3.535534 0 l
0 3.535534 l
-3.535534 0 l
cl

gsave
0.000 setgray
fill
grestore
stroke
grestore
} bind def
70.5222 260.106 o
124.407 260.996 o
209.812 278.845 o
303.408 289.994 o
388.813 302.032 o
476.34 311.165 o
grestore
0.500 setlinewidth
1 setlinejoin
2 setlinecap
gsave
446.4 326.2 50.23 49.76 clipbox
70.522159 279.438442 m
124.406906 285.012813 l
209.81221 292.069729 l
303.408162 299.126645 l
388.813466 314.960231 l
476.340341 324.922936 l
stroke
grestore
1.000 setlinewidth
0 setlinecap
gsave
446.4 326.2 50.23 49.76 clipbox
/o {
gsave
newpath
translate
1.0 setlinewidth
1 setlinejoin
0 setlinecap
-2.5 -2.5 m
2.5 2.5 l
-2.5 2.5 m
2.5 -2.5 l

gsave
0.000 setgray
fill
grestore
stroke
grestore
} bind def
70.5222 279.438 o
124.407 285.013 o
209.812 292.07 o
303.408 299.127 o
388.813 314.96 o
476.34 324.923 o
grestore
0.500 setlinewidth
2 setlinecap
gsave
446.4 326.2 50.23 49.76 clipbox
70.522159 240.417845 m
124.406906 244.80618 l
209.81221 256.251431 l
303.408162 269.772245 l
388.813466 286.198849 l
476.340341 307.310296 l
stroke
grestore
1.000 setlinewidth
0 setlinejoin
0 setlinecap
gsave
446.4 326.2 50.23 49.76 clipbox
/o {
gsave
newpath
translate
1.0 setlinewidth
0 setlinejoin
0 setlinecap
0 2.5 m
-2.5 -2.5 l
2.5 -2.5 l
cl

gsave
0.000 setgray
fill
grestore
stroke
grestore
} bind def
70.5222 240.418 o
124.407 244.806 o
209.812 256.251 o
303.408 269.772 o
388.813 286.199 o
476.34 307.31 o
grestore
0.800 setlinewidth
2 setlinecap
gsave
50.23125 49.7625 m
50.23125 375.9225 l
stroke
grestore
gsave
496.63125 49.7625 m
496.63125 375.9225 l
stroke
grestore
gsave
50.23125 49.7625 m
496.63125 49.7625 l
stroke
grestore
gsave
50.23125 375.9225 m
496.63125 375.9225 l
stroke
grestore
1.000 setlinewidth
0 setlinecap
0.800 setgray
gsave
338.66875 57.7625 m
485.43125 57.7625 l
487.564583 57.7625 488.63125 58.829167 488.63125 60.9625 c
488.63125 195.034375 l
488.63125 197.167708 487.564583 198.234375 485.43125 198.234375 c
338.66875 198.234375 l
336.535417 198.234375 335.46875 197.167708 335.46875 195.034375 c
335.46875 60.9625 l
335.46875 58.829167 336.535417 57.7625 338.66875 57.7625 c
cl
gsave
1.000 setgray
fill
grestore
stroke
grestore
0.000 setgray
gsave
376.815625 180.725000 translate
0.000000 rotate
0.000000 0 m /P glyphshow
8.898438 0 m /T glyphshow
18.421875 0 m /space glyphshow
22.421875 0 m /D glyphshow
33.976562 0 m /a glyphshow
41.078125 0 m /t glyphshow
45.523438 0 m /a glyphshow
52.625000 0 m /s glyphshow
58.851562 0 m /e glyphshow
65.953125 0 m /t glyphshow
grestore
1 setlinejoin
2 setlinecap
0.267 0.314 0.275 setrgbcolor
gsave
341.86875 163.703125 m
373.86875 163.703125 l
stroke
grestore
0 setlinecap
0.576 0.722 0.451 setrgbcolor
gsave
/o {
gsave
newpath
translate
1.0 setlinewidth
1 setlinejoin
0 setlinecap
0 -4 m
1.060812 -4 2.078319 -3.578535 2.828427 -2.828427 c
3.578535 -2.078319 4 -1.060812 4 0 c
4 1.060812 3.578535 2.078319 2.828427 2.828427 c
2.078319 3.578535 1.060812 4 0 4 c
-1.060812 4 -2.078319 3.578535 -2.828427 2.828427 c
-3.578535 2.078319 -4 1.060812 -4 0 c
-4 -1.060812 -3.578535 -2.078319 -2.828427 -2.828427 c
-2.078319 -3.578535 -1.060812 -4 0 -4 c
cl

gsave
0.576 0.722 0.451 setrgbcolor
fill
grestore
stroke
grestore
} bind def
357.869 163.703 o
grestore
0.000 setgray
gsave
386.668750 158.103125 translate
0.000000 rotate
0.000000 0 m /w glyphshow
11.554688 0 m /i glyphshow
16.000000 0 m /k glyphshow
24.000000 0 m /i glyphshow
28.445312 0 m /H glyphshow
40.000000 0 m /o glyphshow
48.000000 0 m /w glyphshow
grestore
0.500 setlinewidth
2 setlinecap
gsave
341.86875 141.08125 m
373.86875 141.08125 l
stroke
grestore
1.000 setlinewidth
0 setlinejoin
0 setlinecap
gsave
/o {
gsave
newpath
translate
1.0 setlinewidth
0 setlinejoin
0 setlinecap
-2.5 -2.5 m
2.5 -2.5 l
2.5 2.5 l
-2.5 2.5 l
cl

gsave
0.000 setgray
fill
grestore
stroke
grestore
} bind def
357.869 141.081 o
grestore
gsave
386.668750 135.481250 translate
0.000000 rotate
0.000000 0 m /n glyphshow
8.000000 0 m /o glyphshow
16.000000 0 m /space glyphshow
20.000000 0 m /p glyphshow
28.000000 0 m /r glyphshow
33.328125 0 m /e glyphshow
40.429688 0 m /hyphen glyphshow
45.757812 0 m /t glyphshow
50.203125 0 m /r glyphshow
55.531250 0 m /a glyphshow
62.632812 0 m /i glyphshow
67.078125 0 m /n glyphshow
75.078125 0 m /i glyphshow
79.523438 0 m /n glyphshow
87.523438 0 m /g glyphshow
grestore
0.500 setlinewidth
1 setlinejoin
2 setlinecap
gsave
341.86875 118.428125 m
373.86875 118.428125 l
stroke
grestore
1.000 setlinewidth
0 setlinejoin
0 setlinecap
gsave
/o {
gsave
newpath
translate
1.0 setlinewidth
0 setlinejoin
0 setlinecap
-0 -3.535534 m
3.535534 0 l
0 3.535534 l
-3.535534 0 l
cl

gsave
0.000 setgray
fill
grestore
stroke
grestore
} bind def
357.869 118.428 o
grestore
gsave
386.668750 112.828125 translate
0.000000 rotate
0.000000 0 m /F glyphshow
8.898438 0 m /l glyphshow
13.343750 0 m /i glyphshow
17.789062 0 m /c glyphshow
24.890625 0 m /k glyphshow
32.890625 0 m /r glyphshow
38.218750 0 m /three glyphshow
46.218750 0 m /zero glyphshow
54.218750 0 m /K glyphshow
grestore
0.500 setlinewidth
1 setlinejoin
2 setlinecap
gsave
341.86875 95.80625 m
373.86875 95.80625 l
stroke
grestore
1.000 setlinewidth
0 setlinecap
gsave
/o {
gsave
newpath
translate
1.0 setlinewidth
1 setlinejoin
0 setlinecap
-2.5 -2.5 m
2.5 2.5 l
-2.5 2.5 m
2.5 -2.5 l

gsave
0.000 setgray
fill
grestore
stroke
grestore
} bind def
357.869 95.8063 o
grestore
gsave
386.668750 90.206250 translate
0.000000 rotate
0.000000 0 m /M glyphshow
14.226562 0 m /S glyphshow
23.125000 0 m /C glyphshow
33.796875 0 m /O glyphshow
45.351562 0 m /C glyphshow
56.023438 0 m /O glyphshow
grestore
0.500 setlinewidth
2 setlinecap
gsave
341.86875 73.184375 m
373.86875 73.184375 l
stroke
grestore
1.000 setlinewidth
0 setlinejoin
0 setlinecap
gsave
/o {
gsave
newpath
translate
1.0 setlinewidth
0 setlinejoin
0 setlinecap
0 2.5 m
-2.5 -2.5 l
2.5 -2.5 l
cl

gsave
0.000 setgray
fill
grestore
stroke
grestore
} bind def
357.869 73.1844 o
grestore
gsave
386.668750 67.584375 translate
0.000000 rotate
0.000000 0 m /C glyphshow
10.671875 0 m /O glyphshow
22.226562 0 m /I glyphshow
27.554688 0 m /N glyphshow
grestore

end
showpage
