2401.08206
2210.03629
2104.08821
2311.04067
2305.13477
2211.01910
2201.11903
2208.00748
1909.03329
2307.03172
2303.17760
2305.12524
2202.12837
2310.13227
2212.10511
2305.14327
2310.06201
2204.07705
2303.11366
2012.15562
2109.05748
2309.12307
2210.03493
2311.07884
2212.10560
2303.03378
2109.05812
2012.15723
2208.04347
2308.10144
2210.02969
2109.01247
2305.14992
2104.08691
2204.07128
2203.08383
2305.10601
2205.11916
2305.13300
2301.13688
2310.05736
2401.08567
2212.13894
2212.10947
2309.12284
2207.01206
2203.02932
2007.06351
2106.11520
2010.02405
2401.12863
2205.07208
2310.10701
2212.00301
2303.01432
2210.14299
2306.07111
2110.10150
2310.07641
2308.00436
2209.01975
2305.01937
2310.13127
2305.19472
2110.07474
2110.15943
2104.08773
2205.12476
2303.17651
2208.12306
2212.09689
2310.16049
2312.02436
2303.16634
2211.05041
2109.07830
2305.06983
2310.11511
2310.01798
2203.11171
2305.02301
2104.05845
2306.14565
1906.03158
1902.00751
2212.03813
2306.01150
1906.01502
2211.00053
2310.03025
2304.08485
2401.17099
2305.17691
2305.14283
2310.09767
2204.13346
2301.12652
2305.15075
2305.01625
2205.10625
